movieId,0,1,2,3,4,5,6,7,8,9,10,11,12,13,14
1,0.5907842923720147,0.436438762157411,0.1851976863505747,0.07520499471110141,0.6488278811878448,0.22047910090529937,0.004012772776589547,0.6594631964230365,0.820583887951455,0.31401663408002817,0.15162341258101,0.2177097323998086,0.28902142345089105,0.424238976863616,0.019653092788307368
10,0.7867967363870059,0.35571850240349706,0.3749164973358339,0.5877796346229797,0.4188871965221865,0.06399219473590455,0.006767709519550794,0.47727979254784114,0.5700398136180059,0.08683398418304276,0.3586874556009815,0.1924355089200411,0.1368491932297797,0.5257292630340994,0.012383692758665858
11,0.6329674241535672,0.28930767155356557,0.07952190682609686,0.8186583828315774,0.13128588365146235,0.15452659487574172,0.006464051146264005,0.36984074177327114,0.03714637176316021,0.40645752903040633,0.3306129581024054,0.5659185057113942,0.30994628211930886,0.3561372288652746,0.02133959064418117
14,0.21178111696225335,0.09843111909734624,0.1405835811133939,0.20232464270909112,0.19680084003272105,0.0849082883031824,0.007142018908234524,0.23152695917592955,0.7632614424621559,0.42406970936092103,0.4557275191636412,0.14179664405411074,0.25290494576532063,1.1899662377143485,0.010871957199878586
15,0.5009077586142141,0.018053288457301846,0.07692754096567386,0.2722019415097933,0.9230150538076484,0.09965526409451722,0.0030322042113531053,0.006377837465739185,0.5163666102876968,0.14800115693041802,0.24354625770937896,0.882462168317852,0.29751435831706285,0.5305681107668587,0.02314616843181901
16,0.654430700937838,0.4129361151514787,0.38875375798446976,0.5118462650809182,0.0019250794792084914,0.06101635186489545,0.006616281247143041,0.7432932487964595,0.46966313530511133,0.41093680652126113,0.029967362356200733,0.4329606943757057,0.15386451925764186,0.7976437989362005,0.01366054983954308
17,0.6599821175253733,0.08701042698937071,0.08258177524733225,0.26308541590569373,0.579324626153565,0.03028164136617168,0.0030699569891456135,0.19800418767243808,1.3546195637832126,0.05813778480145596,0.40192677486557277,0.3688835330150081,0.4798388535503369,0.8340701583588841,0.004961546322548222
18,0.7817632694378533,0.3041473629099552,0.26647588788083687,0.4253482166451071,0.13229571807436885,0.18434725111291508,0.005033130543674671,0.2681528586869129,0.43966036495211164,0.8472124461775,0.2311112198895725,0.07731054062996436,0.10420837338168357,0.4244642896766549,0.01242972359208434
19,0.9961020699842362,0.2279113733469363,0.24038378365420532,0.06760157403018954,0.7051146424266374,0.0013626650287987124,0.0036479398900072244,0.36727681122583883,0.314595969545569,0.38234328884383684,0.029404419687518394,0.028091598044229112,0.08620573989352967,0.28299865506797395,0.02462859717013198
20,0.7605371648912621,0.3283736265635843,0.1062394098870749,0.8952500865969318,0.021835899767399705,0.1053788949445709,0.0012722989341335824,0.3772693155808915,0.7129086590432789,0.1261928713634918,0.29970872347604277,0.14323361287748462,0.2960530350017325,0.5209813749629086,0.013145857548048845
21,0.2686593640408452,0.027089045673853177,0.1325209839025627,0.5291795418382311,0.4912878020277204,0.17376638427504432,0.004953214940370223,0.6841758068415753,1.0712293866704115,0.4756175494869234,0.33309701074827064,0.4404225715045551,0.18399877305705611,0.5291534459220629,0.026269531527043068
22,0.8607077332364764,0.009132659862824159,0.25726702858563905,0.6984595056957417,0.46058154541258983,0.23198360545519683,0.0065755043809264365,0.20961108261950842,1.085568233228646,0.3739967241695071,0.12493007785752486,0.39926669803098486,0.08397715536308552,0.812516533016764,0.007633109447522268
23,0.5921465137408022,0.411966035913405,0.2980293300347012,0.31893595175286926,0.1043442282764558,0.19639735688733834,0.0034531250591515747,0.7429005099563835,0.8160149315684994,0.48979223386306936,0.3701599462780895,0.31451281250577806,0.34721634504515414,0.22158101578488626,0.017064030973000778
25,0.1625260643235885,0.29196827588785973,0.630878486545453,0.18668023551629984,0.4172104321617645,0.04015356098594545,0.0018536783378720792,0.47909872873037934,0.39555632576809235,0.13503044634670164,0.4124835410415489,0.0102895897685411,0.42343655515540085,0.20094350876338082,0.022272903996252737
34,0.6464034275362021,0.41125400355460534,0.0018176920722625695,0.33323057451598037,1.0076513278519506,0.047232656044289945,0.004787048046568001,0.20786685254377812,0.7427363737750361,0.42074163427751343,0.4668006160999244,0.3088674893572797,0.204550090115599,0.6260070725547925,0.0025175553012667675
36,0.44480537223521455,0.2306428866173433,0.32498758030792113,0.5041662018603683,0.13754368029561048,0.2768201893358649,0.003035947623763913,0.42338012808567965,0.8486117942024871,0.4615549976004323,0.21141694202019262,0.54087410095704,0.21539807629343372,0.15820215217142294,0.021626859688266758
39,0.29572125954648804,0.32180380585186874,0.2738452694625285,0.332951151390535,0.0777341419742237,0.31853333905308967,0.006211058349231377,0.3157953761181509,0.8074744214457866,0.1848098368701217,0.2366597387094836,0.40760309680683204,0.261235137936567,0.28680800942948165,0.025098866634366387
41,0.42478294889261603,0.5295554855454295,0.004567357345792071,0.11630534610652891,0.5307657956319394,0.22393072253486013,0.0026287905888723513,0.3064840617407254,0.7212122064215498,0.26054481943749325,0.32341916969032636,0.14730679444763256,0.2924116402763429,0.2609040936591455,0.02339300209993023
44,0.37874834603960594,0.355694007096356,0.07752335826430089,0.5042404047755578,0.4776196248001666,0.2757044553894839,0.009556724481598122,0.23842556136739168,1.3928572187974966,0.3046999600355346,0.0018186577203466994,0.19174644244176522,0.039008255931066826,0.7318740894315391,0.012497311017666287
45,0.48710014625894216,0.3953324513048358,0.2800413006737624,0.2956969635441978,0.686203014250456,0.37474828164918433,0.0062883316987930255,0.6327184342571002,0.7173980440861146,0.27813862801742817,0.14049941583997225,0.08447052197453199,0.1951739905579457,0.008849511450060805,0.016745745068059575
47,0.32022476270038264,0.20946965376024693,0.07068994218735354,0.36555604497273775,0.33927954847344105,0.23384452082726193,0.008191480820207911,0.30432858365813764,0.46121924243394086,0.2665572785327385,0.13083290424369734,0.45801534556294293,0.2284105119289609,0.407863427745743,0.009655611067190328
48,0.6593195296086005,0.22009651542586958,0.00948112217305699,0.5787777890003779,0.6659568691054623,0.01753184012425481,0.007559823552353327,0.4801846502804774,0.34700596561811126,0.360013841072145,0.3831135501583532,0.40600441883956967,0.24128010207758094,0.33789007540165517,0.023852984391661624
50,0.6868994974171387,0.03916387900003876,0.10904251542821396,0.22779083783702478,0.3390294876071959,0.39020011311115593,0.0016399058932514384,0.012448321243674862,1.594841375153685,0.044922681963145986,0.39075923254710376,0.16194608805163993,0.31800114208414426,0.5272554016585297,0.016101355761856454
57,0.7437097250935566,0.18230048701742385,0.006197358536239588,0.33775185932593116,0.6903538762387841,0.2827256336865314,0.00833649547022927,0.5952932947428415,0.9740981811443808,0.14957609442163897,0.5108785277694332,0.5316012442613962,0.1790594861517702,0.42045892261037726,0.0019229327964897657
60,0.6824291867361526,0.19926085203518734,0.06839379529436089,0.5309935056989716,0.314983633431156,0.2572347353504718,0.002126861087733578,0.5570083233701485,0.8903647175631784,0.26457928481016757,0.12478003418481873,0.15104884840250735,0.22880572879195096,0.6301886987337484,0.011184022348311408
61,0.24232320775848057,0.006398827376831732,0.2970431251200493,0.030056824907014265,0.27403349238070523,0.3315587513698172,0.0016282835227564645,0.4134610496931143,0.23170236125911797,0.5055333574547586,0.41908799188985624,0.5358771638025851,0.3927599395545494,0.4933582833314551,0.002163579594889479
62,0.723912371037286,0.0208047147078476,0.3343313690482969,0.26129873692985606,0.19342525309915196,0.1833690319232482,0.00010890100321691506,0.025661498976324092,1.1814988009326066,0.3880837054526659,0.6201756966725009,0.00014890048219011776,0.23939071170082618,0.26978643159750265,0.030983914714973644
69,0.38931997728265466,0.31304057660664725,0.22814416443502075,0.26035820231972356,0.004981023449735718,0.3983148512730707,0.006332900343950828,0.46513425935197134,1.5630119939002147,0.26837122450742895,0.31111946221101994,0.05538781173787547,0.19310059887031011,0.46445712955101104,0.02930276733497845
70,0.2412984325343947,0.26301599693702993,0.45653652375803067,1.0359529139839607,0.4161260783195229,0.06887994694128828,0.0009262865700039624,0.518388075609403,0.8224677772396717,0.005412738617728362,0.4802907784891205,0.34964775316648977,0.12294626068938233,0.6626217457820822,0.016561901938714988
79,1.0751944062955952,0.2463343974774116,0.22039276715970618,0.27622032386616335,0.39409403247693675,0.15564963432914392,0.0005702045572661015,0.029774255534508156,1.3624085029645898,0.31291602646336086,0.007653992792031475,0.5417805278764578,0.03653707594076899,0.3022353007567183,0.03181322780940326
81,0.7117784960836414,0.2680436393590799,0.3363892361458628,0.3924740039977071,0.8591193763068398,0.10344953810868492,0.0028095456255449592,0.3398163302209598,0.7706484752147154,0.499597615669655,0.11249266938294551,0.08740554456291333,0.12271392152307214,0.565536818556338,0.00166572405008556
86,0.39983252039451744,0.39232168022749864,0.3867228463892299,0.48484860902495447,0.17833229649111193,0.16022874533034465,0.0035418495407582642,0.4103881424133182,1.1596082581440166,0.38244478898637474,0.038037506236129566,0.2918774709534814,0.4223815929405772,0.24682466274515544,0.013889602895778714
92,0.41173166288398366,0.3930898835895509,0.33507003724366163,0.32654715322568306,0.49836588240525226,0.031626359688484644,0.00560321525543736,0.20113003572672628,0.45677220872631163,0.42773545362741583,0.5541641119278378,0.2480740579189416,0.15964618018118684,1.1810911570009635,0.004481613814386358
93,0.5467322918317805,0.028206013227289467,0.4804976680816296,0.24952057758657384,0.18877665533566076,0.5080551536914665,0.005439625644167047,0.36871139506528366,1.4822363532548652,0.2704173284467955,0.15352916787238993,0.12744790063380546,0.34780042673643563,0.5735964083150535,0.0002813906152090108
95,0.32971724269426833,0.235879292449628,0.44598084987430014,0.21788784766748034,0.9436705283523797,0.22776194768307753,0.0034767177792524658,0.5680289875268276,0.5861899648104729,0.15578432819220267,0.22262111112925642,0.0269487632366732,0.28963634343124,0.6175514617388765,0.017062693760562964
100,0.0947387550995336,0.1386643644364033,0.6050067722433464,0.4895424789164144,0.6146096016871299,0.1772080608893541,0.005072258795473479,0.023665195294423215,0.23546693448920447,0.3538513560084177,0.23640404912411256,0.1512572279761753,0.3400082900084211,0.5256808449357091,0.009978331416758987
101,0.6228160528296133,0.1659536152740745,0.20000139932499517,0.2884060670468348,0.44049230990461335,0.16023108781096704,0.0005872597763893348,0.8020434256097984,0.8612394183824446,0.5418837515799775,0.25980623457886015,0.3560814388355105,0.295595642685622,0.40411138530922613,0.007640853479971361
104,0.16282604850161564,0.2408928081705822,0.3930060211343238,0.2555786339271954,0.49347006168041796,0.21070719486739775,0.0016961288302044203,0.26881780602893224,0.23842505926754967,0.37975949470162024,0.21216634805204257,0.1662892515208232,0.08839533636298462,0.2176247558944144,0.020431972925264743
105,0.29177995245514754,0.040940467756306435,0.2802722746191286,0.5802608375138334,0.8876772037832328,0.044466534996676826,0.007082956401589261,0.19505819022004464,0.9895576644512705,0.555769528846934,0.22821666579831418,0.36207574183965874,0.007986895531760253,0.29084561305173656,0.00025763069421537584
110,0.4233938396675168,0.24351819509064054,0.17851908798389082,0.16481425438213515,0.31683946657639606,0.22093269093666912,0.005063397088060873,0.3236816570279855,0.8764491478784087,0.11122945767980325,0.6275066639327205,0.33265470302051203,0.3544401123661863,0.36675819775969853,0.01037884689045228
111,0.19281266840931544,0.3803464850590377,0.32369188806845567,0.3506579732127507,0.5908579484636833,0.19758141060613804,0.006157544508933933,0.029076874987323777,0.15993238910693763,0.17835344249034,0.4238003583183052,0.32186615133133495,0.05059243469859482,0.7610049739078774,0.005060252870924828
112,0.8883583038125207,0.026667705703168964,0.055521450208791755,0.23219848950051664,0.17793657663247922,0.09628862690226178,0.005578267705881659,0.4554150865559413,0.3699631568648294,0.06413806879534739,0.022630655845673215,0.31974851374870683,0.296707736550126,0.4397451095791035,0.02647781879628541
122,0.22856210119804135,0.43814559188035274,0.03168357712559479,0.33535671372001574,0.6887242317780409,0.317313355387307,0.0018404531423079583,0.1809237245123997,0.6503271006172262,0.5994288991324449,0.10524661733129197,0.40157295050431496,0.3312174017735796,0.29152757873619406,0.006385397157003489
125,0.1728599191305863,0.17424038351754298,0.2547356513020436,0.3662793187734738,0.7994277715629874,0.1535425322353606,0.0036834949001673624,0.583295620929338,0.5342538471589626,0.26582085396057,0.17678153945123468,0.47525719436338015,0.2395922721149516,0.8969240941342647,0.002404060631822094
132,0.6582613895591055,0.23668913798268829,0.3933721851426158,0.37117867580610875,0.38967209926554985,0.31906519652952203,0.004592329189359923,0.382187456259141,0.6337014348446254,0.5669346418124814,0.36494354246534033,0.10335105140175656,0.3437055875483873,0.3088345866963299,0.0041970525140709765
140,0.5127159685131297,0.5869311532659964,0.21782431369781688,0.11907915923708429,0.27800727852818025,0.28825974608899857,0.004543068085166636,0.14429457923707523,0.8001679072374356,0.37783897515047893,0.31319668149417673,0.26404733306007966,0.2642379954635566,0.13987848049651538,0.00184440770667184
144,0.8652977366636987,0.5674799806444506,0.3764814018050038,0.23674005196016176,0.4279971738460274,0.24962527924953215,0.0011072735184446529,0.058863940413741114,0.08994052102164254,0.010110887934703458,0.13617809609614615,0.619143711088038,0.469108500749318,0.36800366023429015,0.006574860817171177
145,0.18318079811058283,0.1260864816557892,0.18023659646510362,0.6104688064689568,0.7317980226463967,0.2096844151062704,0.00281077460801161,0.93822459284882,0.6304125386340019,0.4944577677888801,0.22126704129555708,0.5872924477641597,0.2739412015035365,0.5357522405534382,0.0057733056515890365
150,0.4361859892298264,0.15974217245635247,0.11194903383821553,0.3102328302597436,0.5610720157470725,0.24759050656769163,0.002060689667532839,0.34928653389930814,1.4382697199901295,0.14154251321422487,0.2976925800794246,0.22946379334657446,0.38467553079769334,0.3957711057682022,0.012019074251083148
151,0.13358196531108826,0.4162912508925778,0.3480420335311394,0.23709177103102613,0.7266333380179375,0.2090300167089541,0.006469294151956548,0.043168972335084266,0.4309243031915212,0.3524066217229724,0.16781952010423767,0.2665301664310566,0.37384954333686754,0.11553043676795342,0.015228107461451593
153,0.176080349758591,0.347396738967103,0.1669994039619403,0.18142603754909103,0.4488174499195057,0.10927625007604969,0.006065619137101568,0.1519777680412339,0.8968167568767395,0.4122131663898898,0.18643177061824995,0.3842095168128696,0.38475774623999803,0.494705977507812,0.007412542674821882
158,0.30786432347089593,0.433185921723888,0.29872528565948503,0.0689490057137033,0.27054663929774586,0.30730492926894587,0.007710595143585593,0.37535935950091914,0.17061736375421283,0.22693789283109306,0.18051230137713728,0.4897469553444007,0.25456075083667623,0.8052687895596478,0.009693063193303424
160,0.05393462415753071,0.8508150490106704,0.3265545747781624,0.14093503628599788,0.4787527170696126,0.0002862946711842701,0.00827244312005593,0.07932442941453802,0.6031210906910266,0.03146876151149191,0.20394284490317813,0.12710957808901266,0.17388724352909815,0.2113273778162675,0.015256103398028952
161,0.1763317533390339,0.2356687156732532,0.22341909886412906,0.5387864757151005,0.47948668607181266,0.06674748713472543,0.009899451836970828,0.34104260125859437,0.6445410368277796,0.4005376951438231,0.3352742209243365,0.3182978673821712,0.26401083870815684,0.763804624024385,0.005959370842960879
163,0.01388265295682439,0.15009019356044448,0.3896290467151981,0.6881912078291115,0.57409888855292,0.10969269168820184,0.0037221028783850723,0.28445102655883553,1.1531655301603554,0.4934098473585191,0.2942771894123563,0.28045548742340043,0.3167986354355075,0.5940746427283351,0.0077969227500516245
165,1.081777231066097,0.204858833748137,0.38463833330608277,0.14997040122915686,0.10828341956507255,0.05280628796944291,0.002452764682911484,0.6133421169652117,0.1259373935557621,0.03893505263009845,0.06637003086102325,0.2201403318150652,0.22494801816383483,0.44269649408750433,0.008350757364307277
168,0.2139029333890363,0.4195186418488939,0.19541083891453817,0.11073384630278905,0.5031959801378061,0.24584569559286593,0.007054005488871291,0.2925851346706769,0.9532897466357124,0.29728426591376605,0.14277996521932595,0.2749649118627339,0.1793666552887529,0.16741881653581211,0.013230892529673823
170,0.530763605389631,0.09229143219515559,0.25924594471762374,0.45490157245936064,0.24027713318134733,0.19383582597618437,0.004434861343817011,0.10914297326181871,0.6283566689769424,0.5639167216656144,0.06733281512139239,0.4799137498379885,0.10444572521031362,0.7223723828994667,0.023162368261538738
175,0.14378074912724245,0.39076167383238547,0.05119757316496501,0.33716719987887617,0.48505677578264145,0.1374622831490005,0.004668892579947612,0.2984300446926657,0.7422630957933293,0.05712493916062004,0.3096784847404972,0.008161418383045535,0.5657890980834123,0.18198349429487673,0.011809150771752508
180,0.3148794571008056,0.42313696247126753,0.5686725955901332,0.19342448905080323,0.4077508401438559,0.18904639029588796,0.006311085638085275,0.03839736669182494,0.9524064286874274,0.2988700107176097,0.3219813726959018,0.17303572356311223,0.2905181143945512,0.10874472863509305,0.011583209582521323
185,0.251861955764136,0.3692687923996499,0.2541865713733624,0.4432896457873742,0.06603960333749184,0.05736587579879324,0.008185637647014996,0.7435717533647148,0.7452349130132409,0.756198683200736,0.29404277321523287,0.1032759153896583,0.18409182557120374,0.32364903051112454,0.008848620932433049
188,0.051594148750304485,0.5095874336960434,0.795513929247724,0.08046388186621282,0.2233868717203085,0.016543095758835526,0.002338751837863275,0.002629593273649753,0.16377771515741002,0.4218453880237815,0.031194988461163108,0.26428860718158625,0.3982838443853374,0.07616212746424508,0.007675638959054166
191,0.03813474241713508,0.6083692274094011,0.17692724156585718,0.1925901959182817,0.3312808661790314,0.23712086180119776,0.006274618453567716,0.3323678826296314,0.23406110259923374,0.5983536602334169,0.09604750134373585,0.43958955628524343,0.2395793419972743,0.5926625367239031,0.015854614944696907
193,0.02015647287084861,0.06471529736170556,0.6284425092080684,0.4297847599181359,0.7021057973449475,0.2801631554615887,0.002557032291690483,0.15848820386129267,0.030397920097514453,0.04069661013780559,0.18947462422163072,0.0001680627805882839,0.4466862572425198,0.012755916914277122,0.01915169570983283
196,0.08785154078708163,0.6135353564156362,0.0175851949548901,0.05476907061675622,0.8378184849937277,0.08286238069851366,0.007434143400807391,0.23948005404599151,0.4517339871199144,0.20146368168589052,0.06454362765976866,0.15068015231425003,0.33024800478090677,0.11228085434576845,0.005601938179983738
204,0.08513489069743761,0.6608622379883093,0.1308406787456009,0.0728605465534904,0.27180659655979367,0.23066746274847463,0.006789234168066547,0.4723620851794363,0.5920556636295171,0.4304304178367638,0.11076200108612622,0.16515540434207346,0.31259088035055843,0.03668340596250057,0.0013672991265216547
208,0.4055601451441418,0.05652171578830083,0.24007763541876065,0.10863823535504862,0.241377199277767,0.051456269727202734,0.004610285701117989,0.6816466014076319,0.5962394522453558,0.4199406954051629,0.39801737227530165,0.0673037170006438,0.41541936955961434,0.1851133136925586,0.0022524307334828783
215,0.7018863603075104,0.4007795226702346,0.00871966934970467,0.1902037194840758,0.4506863757475459,0.013262865576978101,0.00025848470349361207,0.648264239356335,0.2354150426891253,0.46132906301323806,0.23999144506343958,0.5090699556086301,0.43030510543119255,0.2960705741222106,0.005759172071932641
223,0.22530522022775376,0.3799087565280316,0.09614106086808834,0.4056820888518114,0.37736029680806776,0.27214607993123285,7.580414204221608e-05,0.1877464693555652,0.23810140930233187,0.45022311253068614,0.2903164975649549,0.11493120508029618,0.4955682354662153,0.1759384829526431,0.03376654016074096
224,0.5544953999045822,0.2658267676800039,0.020439762411917663,0.31917720031918206,0.2660838846600485,0.1452246460449809,0.001765907980453885,0.4422986222709021,0.5826944351642386,0.7760194529680385,0.1940264484560368,0.11959965556080221,0.1129853774811932,0.5113390609583357,0.02121427540236225
225,0.4273668942119101,0.38583706926121636,0.17116897525592945,0.07440067940725952,0.6177559291940401,0.06626147868290701,0.004451895879189625,0.49070686268518726,0.1674288822536371,0.4792606414543217,0.17635477511920275,0.3783959365693798,0.3088650517207875,0.25572332210737686,0.0057124157820563
231,0.046911820501233666,0.36497027933603293,0.4937777635789465,0.14084281102483806,0.7419321203865572,0.18126895838655704,0.00047312258836584154,0.32128834423886776,0.5728028575711671,0.12115032191615502,0.2793996958302288,0.020037182921458747,0.2838195049495612,0.11618556247784197,0.010095487491758199
233,0.027305403163002978,0.08579567070232637,0.31141849753803075,0.02660373119307862,0.22545638478870234,0.17528418780296529,0.0060150591559982175,0.6551689168232544,0.29467026486896003,0.2591641971739521,0.06251270075665756,0.013709425593324961,0.5113037717782047,0.3742679266240836,0.02219460894903576
235,0.33931808615655984,0.27763761801377196,0.12371819349623149,0.270014442473039,0.175339484865114,0.15850709383255662,0.006691193636466719,0.31949217977354016,0.8082854312467648,0.43632410931571436,0.3202617747060038,0.33300932326997507,0.4049692545884903,0.31833938533417716,0.012710390005471462
246,0.30843478267122965,0.47193208435007117,0.3199679209962554,0.38816076431610785,0.07180780486916213,0.17492497281660052,0.006811960526504424,0.35805165157808105,0.4955329162796084,0.4312385271170661,0.15497260972575425,0.16689992717179755,0.09216588758064824,0.2933685450051105,0.02796420773359925
247,0.36890270941899067,0.7209137468044357,0.3426358236755749,0.10633648743948293,0.3977129493732097,0.15461886759021096,0.00021483219555280315,0.5893311275223373,1.307565025323072,0.13362887805528137,0.10364177060516587,0.07570145200589815,0.23710852881455405,0.2892613726297427,0.000982484833241355
253,0.2304561714861237,0.05663504879002932,0.1799250639652939,0.29816719330153635,0.11695660338336558,0.06557389314666301,0.005272850719038773,0.3252628217401667,1.3452757857185405,0.6504886862356176,0.29998968021944095,0.44021985830237514,0.4388564097311384,0.08462203822056186,0.008301700022580497
254,0.5253360063023624,0.01706403279687166,0.3171781952682949,0.35690414892395755,0.30841210216366843,0.07949228010780279,0.00011779208677525303,0.20342129818189772,0.78588749859844,0.14929497120774052,0.3559724969042849,0.6757823587173005,0.26467802771945675,0.4861312904255405,0.008109501562554557
255,0.2390450861248713,0.5056977464485543,0.27362100220119845,0.08414631719146085,0.3645257791410426,0.4326932550836479,0.0028704934169512053,0.20758871810555837,0.3522823901345337,0.5400592350172881,0.24340310671689677,0.18240324722944073,0.04122988319291985,0.35589416648528005,3.2468906661606444e-05
259,0.08737862862726195,0.35014254334059947,0.3861797383879192,0.026246905004833735,0.0076848342089271176,0.0698676850621362,0.0002686646523447007,0.9260020500607753,0.9742279442236011,0.020764434211639874,0.044350776427585066,0.6412860788086986,0.00380644488290167,0.29202330513400004,0.0009968679588689396
260,0.17569925023665406,0.6042123590849824,0.14186317739092963,0.30154872243975556,0.040714853603125684,0.09468731105527643,0.0034299670289101463,0.6135875814138062,0.0335369247125421,0.12907576371173918,0.05810745699635026,0.39860988554170035,0.08353401079507171,0.44999252472832807,0.005432997797756696
261,0.473621789774446,0.22889051951313066,0.08368888407595891,0.027299283441895403,0.6684791036566917,0.020349658563150016,0.007915363760690098,0.20828034976680845,0.2643091754093703,0.4116067786338243,0.0896329489601609,0.13726714759810754,0.27375757058156663,0.48930004323951903,0.008539537147941909
266,1.0337829549751743,0.3585121860581739,0.15291062197072697,0.32713229840631086,0.39682118716838954,0.003139976082467345,0.0018061619395129233,0.4174773528915181,0.6235482416546587,0.2556928490134935,0.25401688562485636,0.5331389254551048,0.05742852429949691,0.38925243247578767,0.010646696396321646
292,0.1498227183147194,0.4831234442836052,0.4887081083497679,0.3112006617528015,0.09026505808913649,0.27045571410786085,0.0017230358633796021,0.647630114955802,0.12947492833345267,0.5075369136989265,0.2863455392849662,0.13743881732456315,0.04109765269732209,0.3673859193916612,0.015549254653123276
294,0.02404754748550718,0.16706832600584068,0.28080264370073604,0.03232117366890143,0.2323426555032211,0.24912400177526728,0.004939785898334742,0.21660782725638714,0.4772855152435994,0.21865923349214286,0.023602623833340726,0.15612594059505713,0.26534775212860434,0.3134466781731784,0.010910075396905321
296,0.6975219248419111,0.3043021742264381,0.3408547744317606,0.22205434042518735,0.3885301147279964,0.26711938905843,0.004665760716492751,0.3738717460431263,0.11758043546734549,0.34202846255688163,0.2872061019949343,0.1813825013611992,0.05371548710046824,0.35192320994551357,0.01357298712632308
303,0.39222759690065984,0.0835073388598856,0.20908077540999984,0.2516654078248426,0.2523235958640678,0.13279908629630965,0.002214735928892165,0.8056875181651487,0.549583856750992,0.8579984277927015,0.0024559705321312107,0.09536413842288284,0.19662360574947194,0.4257799049103922,0.010595418463529295
315,0.16509620913628106,0.38793981669535516,0.24625538732190755,0.13251656723013364,0.5753524178355582,0.0939312822357798,0.0009242087672615925,0.08610805264767724,0.8712784818800411,0.4267353357890376,0.12602247580745535,0.03173035222986792,0.5486911050954638,0.24206976990136234,0.011236674565406321
317,0.5801978002097112,0.5556891325770446,0.4035047003373103,0.1927180929558979,0.04756208694710289,0.22122363408450113,0.001548541499259915,0.255327854295354,1.0724731606210367,0.37799297388324155,0.19120940564661784,0.03854792836336292,0.2263102561930869,0.33175420725604937,0.008093470043259872
318,1.180776182788792,0.018259288647933906,0.39631484632941505,0.09494064297768265,0.350629693914218,0.022977865780890307,0.004255609917982963,0.6099366181239533,0.28443018983592677,0.3484672586709627,0.27850088575630455,0.1657559410653007,0.0580450222414332,0.20639037574955554,0.0005520765148074408
327,0.30711661341811247,0.13314072064075969,0.2097202015814213,0.07541274712942819,0.4906952643674783,0.15780203290554404,0.0028467116504703456,0.040778674928090466,0.513010201772997,0.33697930931349845,0.1920982403809409,0.4325481763591979,0.35547759255778105,0.6383430296535367,0.024297110572503063
328,0.606265850281599,0.1658153708297717,0.44084362599609617,0.19746819781079664,0.5784603911088168,0.024258593207683483,0.004057428258301293,0.10522753633767062,0.45910613968363695,0.15231440315413103,0.05234589264140456,0.03221166040386562,0.35023759203030613,0.8043140622219703,0.0020003220529698808
329,0.1098817874988695,0.37367684031806925,0.3551366180232931,0.49070536519007546,0.6824574835612415,0.10847727375228303,0.0035333151511029886,0.04655253230230803,1.0783874945588066,0.25927818379901446,0.24999517175871458,0.388738771972734,0.2506261058101282,0.39879249526473465,0.01635968366736935
330,0.12781963270356542,0.6308883776299496,0.31998439508626536,0.05180097203186241,0.46305737873755104,0.18725125828114975,0.00775676415551683,0.5677699603407756,1.2877929777169193,0.20482399096366283,0.13865980283020624,0.1873713159687624,0.17434702598535884,0.15796946701997294,0.0054348547193679795
337,0.0475350851228293,0.1876407779970321,0.19410651979085353,0.03077795309270284,0.39183054177437276,0.019552066458560512,0.0051247755041818515,0.28972268755444164,0.3037511223494768,0.13448410524457774,0.20561579061190136,0.11225233811845767,0.3208423243293076,0.31008195377353703,0.014861651151512107
338,0.8196411059450506,0.1723688793116284,0.2666639324243359,0.6386607132563121,0.5482394927393984,0.030513772924558973,0.00010496591768572718,0.5844855106870506,0.31281252904946694,0.36669396262209314,0.23986334688580715,0.2985004708515686,0.14926262642298674,0.9431513574643365,0.0037707054710805752
344,0.03406467219588914,0.5375731118875896,0.4026456210735679,0.3445478885858802,0.491087346818107,0.005544046781304907,0.010750061290184541,0.3258212057523605,0.03675547848705464,0.6432424872623104,0.027219763248562994,0.03407490709777804,0.14009485190341367,0.05300252095847818,0.001418610288751954
348,0.6769592185834283,0.1429790225720143,0.3873265316020864,0.33487509821473976,0.17874323000189932,0.34488188170961537,0.004061775982982286,0.3635121066638052,0.07597625393665605,0.09544010014858026,0.05043367505839021,0.0686931686131879,0.2766616422847012,0.8593193822353448,0.0036410456847154773
349,0.009781256993178177,0.043861307429265,0.7789607300992102,0.028950132567516225,0.7122424755483918,0.07183015899791861,0.0013985156978605288,0.1770271543952044,0.06847178544983858,0.0010119966077295653,0.005197604400522292,0.04915322824702339,0.3666052523790772,0.28281776423288846,0.01439004944367454
350,0.4941487830819054,0.3952679279096175,0.4437365298456438,0.09222954191267485,0.05298061344613298,0.20102283104604238,0.00548482314043102,0.34032126248761724,0.7923349066466892,0.30329153219438904,0.34379079945683916,0.06481577406919678,0.4480474340192641,0.4744909297415891,0.0040508121557033035
352,0.07076409780349942,0.17648833352574192,0.6015959973456633,0.30465963975053717,0.7317812327686279,0.03668080057625563,0.00040371335027401334,0.6194965095607722,0.874698353713861,0.27552130032233263,0.3135789209380255,0.05858059909120496,0.15257952005835362,0.20851044666791105,0.002344459410265029
353,0.22596399325203734,0.17823025335488366,0.058935754762969125,0.4697686605287694,0.20195044832016532,0.13965078680550913,0.0041044669551538,0.18774950779994543,0.9649296947879704,1.0124051957598812,0.08814221392298811,0.2249777515449199,0.3379688379425484,0.06731565535975952,0.002392715714836835
355,0.07072496780978343,0.06177495183543175,0.13848394126465005,0.08199951427026471,0.3988207209534096,0.24174470409314883,0.0016318572431815875,0.018846536190902322,0.3655020052819065,0.3591098950746281,0.060404057589669886,0.037002068369779505,0.4837017694956089,0.9391124657758035,0.0009225203952232331
356,0.6343835785606642,0.28851947406786316,0.02424124171957761,0.7532027418916023,0.46972826116334004,0.28668023050115743,0.0006952509884131611,0.12623548179671393,0.18304014219360537,0.2139671879790545,0.17393954027289013,0.0799854461390582,0.12270643914963007,1.2295545546065423,0.0038783511983770903
357,0.06468301752096337,0.413748770693541,0.4525208931413538,0.1222843172611449,0.4992420460188057,0.17984788629461348,0.004435203595074556,0.179662401253356,0.3468071437299655,0.44500483728188217,0.07915373957172732,0.04632250841225565,0.29483486381542096,0.37584179783013527,0.015457743112033098
364,0.6118762510964023,0.41987040248145185,0.33418536080025074,0.1517340955159782,0.1213198305474992,0.36763830176693213,0.003588314330144206,0.219405794935538,0.3798923545322302,0.40344081484954236,0.25761068877952026,0.4521637177224102,0.2802498423017335,0.11116223508086041,0.006492383347642432
366,0.10161796831455909,0.4417594031600794,0.26142398221362195,0.3583599434108747,0.011884089741763316,0.24590273695710912,0.0074615358028134555,0.09650368479306921,0.6366411857174401,0.4613216776905547,0.13812202461577158,0.27182203685525685,0.3050505012944229,0.0747835641553318,0.003395975923565639
367,0.7533943738117075,0.13972195977247154,0.15988449200335814,0.39425207550504643,0.010017902617539771,0.41923278017112275,0.0028378198080169915,0.48694043399574305,0.5217265545354844,0.07009992050608053,0.21938436474431364,0.16212444337104823,0.14501616221718225,0.5273008143320292,0.021036170636057963
370,0.4268224861947228,0.531346430326776,0.2724135410256441,0.24175515667954456,0.35837806105500764,0.20585359593237323,0.0034078543209115878,0.0752666331182548,0.6227011645514965,0.15428040646417931,0.4561847110021504,0.34099526862891805,0.32629343888418744,0.28226382642596065,0.002396034902280146
374,0.8010532565708978,0.14369818719871164,0.10236481870904054,0.5122162542180876,0.3558767692465411,0.2223414180632512,0.006772535854297476,0.9105635734500676,0.7418189722499083,0.09134950245170412,0.24964497780624142,0.4510593528367636,0.2482086008105824,0.34898044323947147,0.002351044336004142
376,0.30320364155083546,0.008512096813530198,0.13653922709531896,0.3732793886418245,0.4317490192343508,0.19207143392438492,0.007850052679855732,0.44814532706377436,1.206182793468273,0.2549568207739429,0.13296777012499478,0.3804915875824271,0.35934391968820756,0.8026487130028548,0.0034007846788774243
377,0.02463921243697917,0.015153252983296157,0.3046196396984661,0.03456142011628148,0.5946942945368205,0.23712595506912967,0.0035889501858760815,0.10580165875499184,0.2792059044700582,0.2528211891353745,0.09400431722778055,0.16910783140835145,0.30365630839869884,0.2907140923553127,0.011488082511518118
379,0.2232949163238766,0.2547120127524247,0.30187920691599496,0.11189659169370411,0.07897274167420217,0.07752054517800422,0.0049391292319717495,0.8981912478500528,0.3984043594215578,0.37106963910521157,0.12024636156777567,0.14433356699650593,0.43709125922857606,0.5348908642937686,0.010237134463950791
380,0.23486268349069905,0.0027834769746332253,0.29949060748417156,0.22806965782556468,0.045303826106032494,0.07827878427672785,0.0010900187656455512,0.1817511142193596,0.6034708607319883,0.3624404350896388,0.11814212712618526,0.007135757994280744,0.06772035181694998,0.12514618872595434,0.023790384025342077
382,0.09388105653287647,0.6175071564274475,0.4770339236665249,0.031160838111801595,0.38994903153861105,0.3096638113542486,0.0033691855540364172,0.29260610594849684,0.5482448327421511,0.37567822279011975,0.3282548438000283,0.21404159482799426,0.18336011498391455,0.47985611769735315,0.009107367142246482
383,0.7983183554641634,0.3226355782395193,0.3620035476003881,0.03146120363897568,0.08303684101144879,0.2660264252556526,0.005992016379367046,0.38187635618885934,0.6590471695323343,0.20096914995811005,0.40329514675182093,0.41034854023909884,0.13744339079841494,0.473953449679168,0.02265191421126616
387,0.3466502487261393,0.6077074909587457,0.28728634898127453,0.21748305619650055,0.16893757462605755,0.30203507648993166,0.0037688073562590343,0.4117427519874721,0.9046682131684244,0.004895670511171712,0.03408000794921783,0.08424612667346297,0.15745850942765374,0.5567135341530487,0.010071056282323954
393,0.3870467941073705,0.20714214704287498,0.008081710332991696,0.7881463427039797,0.8036939576049821,0.22242103839869345,0.0013721087948020906,0.2785786123028082,1.5114417628261607,0.3226636122533537,0.13916461020194837,0.30050722348574804,0.35155202997110635,0.09739395365233555,0.015876896628830295
405,0.04734413904421773,0.17410227327555602,0.20180803230771494,0.5600335508331624,0.02524135545102398,0.29708695612485225,0.006799038604078964,0.6203427093225609,0.22921554822476464,0.13614009946771324,0.20071839533284064,0.38950846753491325,0.4365826043941723,0.9832976697183041,0.013841598877559431
412,0.3372218787372848,0.05989330150043044,0.6650118567603193,0.019419273048039594,0.121036873439098,0.0691934322129205,0.0001417201386291173,0.2978199598866692,0.06649078077315342,0.19816572703964275,0.17736517093906373,0.00832059054684196,0.22711729175686407,0.6173993917766762,0.02289384230903983
420,0.16523378465876606,0.14694283171953834,0.36070444236650107,0.07388049712953566,0.8940360961326184,0.15809053780431487,0.0036873109129474746,0.24438235289524404,0.4598057645492205,0.16199978195789383,0.2773874515635667,0.5165183345391574,0.19858882857581084,0.020874612656821858,0.01502298754342829
434,0.18142466164361798,0.1957326115114004,0.3191925118123998,0.09488935874099168,0.14021826908837773,0.058841316920815595,0.0003508892650219684,0.008390177303279187,0.13167174559034528,0.8141963797940859,0.15764180232524455,0.10350632592284062,0.11580724586628034,0.703498723871383,0.007873681452040709
441,0.28516178596876834,0.15194968742294004,0.41800830470230976,0.09266558341049183,0.3406684467199655,0.40796553310540257,0.0055579951269607445,0.8965494530199641,0.3529713277589757,0.008080813666952074,0.04836453600833134,0.20438614430148225,0.2751495106723943,0.35506954853741307,0.010887116569095521
454,0.5312020685605,0.36980925921153224,0.1714704490368707,0.19973161695749528,0.3784533694888087,0.08053607414963065,0.0036751867830715794,0.4067593572443964,1.0059081784997463,0.2736557616552656,0.2500323127573501,0.4758817046854096,0.15204267381505066,0.5009952105747244,0.0022177055056794167
457,0.07567731965267749,0.19971999867482337,0.3576728004212164,0.04862388657574918,0.9002264847189279,0.02749509368490885,0.002486274131562742,0.8314892048394973,0.25472598820376047,0.005258029828720312,0.023125504598785707,0.01856226106253489,0.13337253783563274,0.2884021410621476,0.013205964001558941
471,0.4520075612970321,0.36341963437571917,0.3220411090627623,0.7555490842976574,0.4025029673065801,0.13023015890337264,0.0018507982675095803,0.4493683966637445,0.9161827705554748,0.4301397671024025,0.3654130850973634,0.3799412108225937,0.08296184721048173,0.7409174630228443,0.0012778671178730978
476,0.14303895761458313,0.22734792562072031,0.6028727787632573,0.010235332411895151,0.02565364671030638,0.05757368807549222,0.0068072265079372335,0.023565576957618788,0.19444454838252784,0.22137815895485202,0.07618537019521933,0.15085116938563767,0.537596826533944,0.17721231471238844,0.013510693484775235
477,0.8409555802372126,0.09477360960194003,0.6083548122291523,0.4342745105894546,0.4459493023448594,0.12036532505571709,0.0036426783275148307,0.20442066743316087,0.7330976731781328,0.7046985737512815,0.36524887956980345,0.488291397445878,0.24959657721887854,0.16793356575993992,0.0021877283256333596
480,0.18684941702289637,0.2294327200380859,0.5185341703114636,0.6915000346607019,0.1709880764402487,0.3542787791093495,0.00491730266420706,0.3781452339006953,0.36052551153510826,0.18046251568149796,0.25960080786188994,0.20311899346663684,0.252060446245533,0.6763127928647406,0.008724269591027503
482,0.2325822099516765,0.4552000918547919,0.24506170016609397,0.24299863325400514,0.6849897263249503,0.1368768056029289,0.0005661250601177039,0.2618289335656127,0.18896982015507208,0.33308549641719937,0.4617473520230617,0.1971237500894561,0.29237227301323293,0.09200994971063349,0.006250340161569769
485,1.1148389798389227,0.29707934879699244,0.4028063392893225,0.31036979883064425,0.06293712662181834,0.12295861283113943,0.0016342686675928407,0.33052144701506114,0.24913249168440166,0.14232589818239072,0.040780117282247876,0.09226189353183357,0.07196248309632013,0.28189536743878985,0.028921787838428435
493,0.2709231825649814,0.2963212782273949,0.20136208821305104,0.3257555793793696,0.05602766817916091,0.10818750126003314,0.006886592308537063,0.359079982552032,0.11056200157005663,0.4521617489858891,0.024466975365010992,0.4835102342641344,0.15271085498337303,0.0684191329148484,0.018823588274613993
494,0.141776901894036,0.1552751210832397,0.4471072451982639,0.038507918915744,0.2179865077615003,0.08634192509468179,0.0007827923242399316,0.8210942583379893,1.039241819106995,0.6295063987102371,0.2661546229620974,0.04663269306639926,0.03278504406579024,0.011247338359445911,0.013605045825866696
497,0.2402917668681789,0.011546641359669388,0.45448124646642846,0.011114517384872617,0.6596312801627902,0.017358428258903175,0.006901900264652701,0.4844258240568308,0.2334191908733249,0.25466893917316236,0.11013153183135906,0.11164249008880088,0.02688375887306016,0.5567622405979915,0.016127159495002055
500,0.28349721476104006,0.12152897176182634,0.08523201700044052,0.5670362945339976,0.8308582971507257,0.19402732138653886,0.008504855644586517,0.7580309510600547,0.4425341421484528,0.47209829262173525,0.2095553121410549,0.16394146956351932,0.1587800364016417,0.15597764878405165,0.0035427817255077234
508,0.011192017705361696,0.6733848390154443,0.16656558003715088,0.23363480760997135,1.0993223169764066,0.04389190951683101,0.0033743956437922436,0.5951802913783585,0.19585838491324223,0.09263495887222026,0.1761950707954188,0.33201042161133865,0.18143518086725355,0.03185361712165638,0.003854451291425663
509,0.9664828398532771,0.5209754899482119,0.3219892391058563,0.3951598011033635,0.6540978935761301,0.40050577308066604,0.0007629405083260591,0.6333412206518545,0.8536277767377244,0.201921151461802,0.20585615542645608,0.446978777553838,0.0035113872121130896,0.20793131183276128,0.006094159547400367
510,0.3403917131762154,0.2531878493074303,0.3517659167458289,0.16554998330847193,0.9058341935716865,0.2292655068120567,0.0019456103631259648,0.26223966910423474,0.5429122454174702,0.19780146077019134,0.5413625698456063,0.265463047342909,0.2978210896282867,0.5157425820904067,0.005856008039847918
515,0.4632843492431651,0.14907483180671208,0.11035252793732242,0.5093435796353016,0.5516212235332147,0.43503976250227083,0.0030155124472855234,0.3302802853631839,0.5647108395526867,0.33312674735692355,0.5972340737279459,0.0701104596173715,0.2605837668149607,0.23291233706168618,0.014094117678410102
516,0.40562671035939135,0.25599512502182076,0.12143599977671192,0.3053283921670405,0.606288708743637,0.13250227497511333,0.002421959244976539,0.005610313551456068,0.8730553912575274,0.43669254599721696,0.1279032723379245,0.20849285489461086,0.03027713188348862,0.23508240444937709,0.005238459977348135
519,0.1390999126203419,0.6143489778576353,0.11964110958892384,0.410462816247859,0.5267524152206369,0.026790765731390834,0.0008893911465799875,0.5836051201019852,0.41343374095577884,0.4359959464820506,0.4185121418123663,0.0070460274219869565,0.133128367697912,1.1727604063338983,0.0052712924400386335
521,0.1913645923746964,0.14410684915622338,0.6247676523320795,0.44931791136874577,0.34735301963550164,0.07669049991238028,0.002125432278696112,0.44756710437275055,0.48364385237389657,0.1987337718704357,0.05103799945541772,0.2803620956959782,0.32197787428769975,0.10070398174656044,0.018098175219776868
523,0.4790949511586153,0.24908976214735654,0.27435886917228536,0.11196296728101707,0.38664323017947194,0.022210861869763735,0.00729944500007502,0.15448493218977263,0.7100951181909559,0.1322012867769306,0.1931447408427799,0.09684685069382097,0.3260678396980203,0.38983318068521355,0.01077742534525456
527,0.011278574719961697,0.05643946671685632,0.30296159109328985,0.370207248336542,0.4952703672565525,0.0021568391599522565,0.00584369504397564,0.063372847066713,0.028820579467770818,0.3054189056726484,0.0540948344247746,0.054921978322012274,0.30906975208786935,0.3079477047457949,0.016401482881615168
532,0.22669350425728005,0.029420905680089156,0.29170541560859076,0.38512151391679084,0.5237270183253464,0.1583731056526265,0.0015101710939383383,0.5468047599261555,0.4404435245019418,0.27107861512023607,0.20430704699787824,0.3147138383675513,0.17985520953220216,0.29686647903967334,0.004126917839359595
533,0.6910971000615738,0.043565627412840494,0.2611661902552229,0.09241799030017202,0.5439599819699366,0.3739937144728852,0.0010871343353519162,0.2657756527366654,0.4202336346780689,0.26986861575482185,0.09361879020831584,0.16971613492909662,0.6695712866185795,0.6619402663133271,0.007840353678319496
534,0.8939882779949646,0.16753670110454483,0.24262682245788034,0.2780210574938934,0.795066607209448,0.0387792041486916,0.006402716558317661,0.2488566626634722,0.023880378975546023,0.4067887207834102,0.14685792681599313,0.4666524676192149,0.08541044629073499,0.4331326294613691,0.010806376998850712
541,0.45752046979426025,0.6162638636979411,0.15194852511252116,0.40429604444251355,0.00011622339885290525,0.00921710937076705,0.0017095306324949018,0.15041597261019726,0.6889958588751155,0.2360099104309358,0.32117734364727896,0.3990619346157981,0.0533976762065496,0.2225243685264401,0.0016424949633294641
546,0.6490333577330103,0.2919607408313307,0.19421891002229005,0.7483455510655994,0.37377378610986817,0.34189177263200426,0.001967094474332481,0.4256666329486203,0.386940381149903,0.17128192312560972,0.12253653277282989,0.14943769897636677,0.20899764612443716,0.3964264857712205,0.013013101138679968
553,0.024436069196426498,8.157827340781157e-05,1.070630718086584,0.5510789689283951,9.538689482441385e-07,0.3105449252424769,0.003478195228559963,0.17081304431099184,0.009185484406781281,0.002707909254545551,0.00011767456784571266,0.19685394580302976,0.015698523967204503,0.00017131149047403858,0.029322889875272602
555,0.27955575280435374,0.16796238788359244,0.1739411672301741,0.0897048220969129,0.7372352981785295,0.21846895560914784,0.005143822689508739,0.5551421005227365,0.944418976065211,0.5575767281706603,0.1007400293218903,0.06143354518076792,0.1417320533410248,0.5577254697096353,0.005259695313436423
562,0.09651426128557823,0.6295130034922523,0.2137220235774117,0.39478214778327647,0.4296646883208765,0.025880572591721808,0.001702248512321865,0.2527508650818675,0.7930899613508425,0.02195582997513224,0.12933524679775585,0.09885184573746242,0.012002894188236489,0.6605801618503288,0.011501243841224628
586,0.3073490224563255,0.12956788048687876,0.1324897430057615,0.36886527101706523,0.6490309136462652,0.20952298091143864,0.010558824366777414,0.09683811633347185,1.0121259098154165,0.30336960388189116,0.2583914257956749,0.22215309649063622,0.18933497093722634,0.09160563312671509,0.028659200400262142
587,1.092249289740557,0.2271672513732314,0.18007760815456655,0.5365380137548755,0.27854366622894233,0.13822795906913493,0.00336207103776489,0.002941189436213959,0.23915914906176913,0.12909178362215915,0.5068106270884274,0.4409527165137052,0.4937305664620969,0.05953537281396634,0.0066441531968974305
588,0.5575003192262467,0.14870088509909343,0.06975444004639958,0.44013244009170616,0.22757427950781228,0.2594103627459955,0.00367606130232569,0.2698642324012571,0.4651298874431451,0.29053961346995083,0.15457481292487274,0.274631467386001,0.08367624031375574,0.8096138157737234,0.003810784745525411
589,0.6192767674759666,0.2163542155289111,0.041699362384733984,0.22622423934142644,0.513962556120616,0.08932777824493528,0.003327704810158506,0.6765366073820164,0.5618792571958655,0.5667627326797133,0.24591101600653112,0.14780409731170494,0.16251520330875238,0.18183138717996633,0.002465026263616035
590,0.6533271024845249,0.2723257122644929,0.0429440126300195,0.24346101881207596,0.35337415659652266,0.14663224258653557,0.006389209643924656,1.0211502031001554,1.7239293557126234,0.36678371354389017,0.5000560116759561,0.3229210713593762,0.11447095088406957,0.12297317358678232,0.01583373503883549
592,0.8307315781544669,0.2161997933841871,0.15976631764390897,0.2980344298848845,0.003935716813542575,0.15081127323445276,0.0030881943281077413,0.47229439628582603,0.6437386263276462,0.3290213276100637,0.27044528565986664,0.5413305276808122,0.14429247241508408,0.6719957519019307,0.004659434035225294
593,0.1111497879105697,0.2416042152380872,0.27982806037204155,0.12501181531336414,0.7248621830283651,0.03197086782996985,0.0021785743378983503,0.6937004380336885,0.9227813828835459,0.1413368817422502,0.5749698538100829,0.014192376477616439,0.22127573174389054,1.0593817449260117,0.01003859278837552
594,0.010002001877839969,0.24952372498648,0.36502397461809194,0.0332011507738961,0.09121800768199141,0.09097846284410015,0.0018387914164802522,0.39614306194413673,1.5326272373859595,0.3079717849362088,0.12914972091881957,0.3300433348084682,0.402253954715565,0.3792889935772253,0.0131291318682925
596,0.19620797809593274,0.7242440488266408,0.06426782506661821,0.33514428431703563,0.0021605315079708002,0.12139540611753076,0.00018720671854687213,0.36826581352102067,0.06929133843584284,0.008292676052647961,0.3692946502780816,0.16150954342208965,0.24211232688636858,0.4116984856467339,0.002651615071200005
597,0.2497412509041652,0.32765808377213285,0.3566212647343169,0.08345740950872291,0.5272910579290035,0.1438169472903614,0.0013872845865678274,0.6529265404225638,0.6549136051325425,0.02380616574003783,0.027474477003274253,0.06275349068611487,0.09149533849756948,0.5713148770390506,0.012364045637804006
599,0.21877192920022667,0.09771268047313247,0.08921826249230692,0.11521138797117723,0.1403702662164323,0.03372312908321758,0.0008012051080786858,0.0804965175680865,0.05993376755225762,0.08504015819352202,0.035140968716389484,0.04714489863871162,0.05364578332608692,0.14643767433959579,0.001980975580342133
610,0.4103429925693749,0.05581087942315216,0.07522864160444323,0.012797156593521854,0.6978203367095124,0.15181203140776894,0.005405311632568969,0.6045399003910508,0.7449104322096891,0.23943707478899193,0.22562731458437596,0.4006289526907222,0.10151161362240349,0.46983585116341425,0.020744176451520664
